parameters <- c(
                Km_PDHA1_Pyruvate=64.8, Km_PDHA1_NAD=33, Kcat_PDHA1=69,
                Km_ACSS1_Acetate=73, Km_ACSS1_CoA=11, Kcat_ACSS1=1.9,
                Km_ACOT13_AcCoA1=47, Kcat_ACOT13=1.48,
                Km_CS_OXa=5.9, Km_CS_AcCoA1=5, Kcat_CS=167,
                Km_ACO2_Citrate=480, Km_ACO2_Isocitrate=120, Kcat_ACO2_1=5.3, Kcat_ACO2_2=1.1,
                Km_IDH2_Isocitrate=2400, Km_IDH2_NAD=80, Kcat_IDH2=30,
                Km_OGDH_AlphaKG=4000, Km_OGDH_NAD=80, Kcat_OGDH=30,
                Km_ACLY_Citrate=78, Kcat_ACLY=2.2,
                Km_ACSS2_Acetate=73, Km_ACSS2_CoA=11, Kcat_ACSS2=1.9,
                Km_ACOT12_AcCoA2=47, Kcat_ACOT12=1.48,
                Km_ACACA_AcCoA2=34, Km_ACACA_HCO3=2100, Kcat_ACACA=10.1,
                Km_HMGCS1_AcCoA2=14, Kcat_HMGCS1=0.041,
                # Km_KAT2A_AcCoA=6.7, 
                Kcat_KAT2A=0.011,
                # Km_HDAC1_Ac-protein=25,
                Kcat_HDAC1=2.8,
                # Km_HDAC2_Ac-rotein=32,
                Kcat_HDAC2=2,
                # Km_HDAC3_Ac-protein=35,
                Kcat_HDAC3=1.5,
                Km_PC_Pyruvate=220, Km_PC_HCO3=3000, Kcat_PC=60,
                # CONSTANTS
                Pyruvate=77,
                HCO3=11200,
                # expression from LIHC
                ACACA=1.3937241,
                ACLY=5.9057259,
                ACO2=12.5295931,
                ACOT12=21.4535639,
                ACOT13=11.3360529,
                ACSS1=0.7508832,
                ACSS2=14.7159301,
                CS=5.3787853,
                HDAC1=9.6725321,
                HDAC2=1.3847293,
                HDAC3=5.3305112,
                HMGCS1=26.2653794,
                IDH2=92.8854856,
                KAT2A=3.4616622,
                OGDH=13.7951864,
                PC=48.5013029,
                PDHA1=13.2815118,
                SLC16A3=0.5819519
                )

initial_state <- c(
                   NAD=1e-30,
                   Acetate=1e-30,
                   AcCoA1=1e-30,
                   AcCoA2=1e-30,
                   OXa=1e-30,
                   Citrate=1e-30,
                   Isocitrate=1e-30,
                   AlphaKG=1e-30
                  )
